21:15:27:879,0,6.1,17.0,0,0
21:15:28:869,0,6.2,8.5,0,0
21:15:29:869,1,6.2,5.6,0,0
21:15:30:869,2,6.2,4.2,1,1
21:15:31:869,3,6.2,3.4,4,3
21:15:32:869,4,6.2,2.8,8,4
21:15:33:869,4,6.2,2.4,14,6
21:15:34:869,5,6.2,2.1,20,6
21:15:35:869,6,6.2,1.8,27,7
21:15:36:869,7,6.2,1.7,36,9
21:15:37:869,8,6.2,1.5,46,10
21:15:38:869,9,6.2,1.4,58,12
21:15:39:869,10,6.2,1.3,71,13
21:15:40:869,11,6.2,1.2,86,15
21:15:41:869,12,6.2,1.1,102,16
21:15:42:869,13,6.3,1.0,120,18
21:15:43:869,14,6.3,1.0,139,19
21:15:44:869,14,6.3,0.9,160,21
21:15:45:869,15,6.3,0.8,181,21
21:15:46:869,16,6.6,0.8,203,22
21:15:47:869,17,6.8,0.8,227,24
21:15:48:869,18,7.1,0.7,252,25
21:15:49:869,19,7.1,0.7,279,27
21:15:50:869,20,7.1,0.7,307,28
21:15:51:869,21,7.5,0.6,337,30
21:15:52:869,22,7.8,0.6,368,31
21:15:53:869,23,7.9,0.6,401,33
21:15:54:869,24,7.9,0.6,435,34
21:15:55:869,24,7.9,0.5,471,36
21:15:56:869,25,7.9,0.5,507,36
21:15:57:869,26,7.9,0.5,544,37
21:15:58:869,27,7.9,0.5,583,39
21:15:59:869,28,8.0,0.5,623,40
21:16:0:869,29,8.0,0.5,665,42
21:16:1:869,30,8.0,0.4,708,43
21:16:2:869,31,8.0,0.4,753,45
21:16:3:869,32,8.0,0.4,799,46
21:16:4:869,33,8.0,0.4,847,48
21:16:5:869,34,8.0,0.4,896,49
21:16:6:869,34,8.0,0.4,947,51
21:16:7:869,35,8.0,0.4,998,51
21:16:8:869,36,8.0,0.4,1050,52
21:16:9:869,37,8.0,0.4,1104,54
21:16:10:869,38,8.0,0.4,1159,55
21:16:11:869,39,8.0,0.4,1216,57
21:16:12:869,40,8.0,0.3,1274,58
21:16:13:869,40,8.0,0.3,1334,60
21:16:14:869,40,8.0,0.3,1394,60
21:16:15:869,40,8.0,0.3,1454,60
21:16:16:869,40,8.0,0.3,1514,60
21:16:17:869,40,8.0,0.3,1574,60
21:16:18:869,40,8.0,0.3,1634,60
21:16:19:869,40,8.0,0.3,1694,60
21:16:20:869,40,8.0,0.3,1754,60
21:16:21:869,40,8.0,0.3,1814,60
21:16:22:869,40,8.1,0.3,1874,60
21:16:23:869,40,8.1,0.3,1934,60
21:16:24:869,40,8.1,0.3,1994,60
21:16:25:869,40,8.1,0.3,2054,60
21:16:26:869,40,8.1,0.3,2114,60
21:16:27:869,40,8.1,0.2,2174,60
21:16:28:869,40,8.1,0.2,2234,60
21:16:29:869,40,8.1,0.2,2294,60
21:16:30:869,40,8.1,0.2,2354,60
21:16:31:869,40,8.1,0.2,2414,60
21:16:32:869,40,7.7,0.3,2474,60
21:16:33:869,40,7.7,0.2,2534,60
21:16:34:869,40,7.7,0.2,2594,60
21:16:35:869,40,7.7,0.2,2654,60
21:16:36:869,40,7.7,0.2,2714,60
21:16:37:869,40,7.7,0.2,2774,60
21:16:38:869,40,7.8,0.2,2834,60
21:16:39:869,40,7.8,0.2,2894,60
21:16:40:869,40,8.1,0.2,2954,60
21:16:41:869,40,8.9,0.2,3014,60
21:16:42:869,40,9.3,0.2,3074,60
21:16:43:869,40,9.3,0.2,3134,60
21:16:44:869,40,9.7,0.2,3194,60
21:16:45:869,40,10.4,0.2,3253,59
21:16:46:869,40,10.9,0.2,3314,61
21:16:47:869,40,10.9,0.2,3374,60
21:16:48:869,40,10.9,0.2,3434,60
21:16:49:869,40,10.9,0.2,3494,60
21:16:50:869,40,10.9,0.2,3554,60
21:16:51:869,40,10.9,0.2,3614,60
21:16:52:869,40,10.9,0.2,3674,60
21:16:53:869,40,10.9,0.2,3734,60
21:16:54:869,40,11.0,0.2,3794,60
21:16:55:869,40,11.0,0.2,3854,60
21:16:56:869,40,11.0,0.2,3914,60
21:16:57:869,40,11.0,0.2,3974,60
21:16:58:869,40,11.0,0.2,4034,60
21:16:59:869,40,11.0,0.2,4094,60
21:17:0:869,40,11.0,0.2,4154,60
21:17:1:869,40,11.0,0.2,4214,60
21:17:2:869,40,11.1,0.2,4274,60
21:17:3:869,40,11.1,0.2,4334,60
21:17:4:869,40,11.1,0.2,4394,60
21:17:5:869,40,11.1,0.2,4454,60
21:17:6:869,40,11.1,0.2,4514,60
21:17:7:869,40,11.1,0.2,4574,60
21:17:8:869,40,11.1,0.2,4634,60
21:17:9:869,40,11.1,0.2,4694,60
21:17:10:869,40,11.1,0.2,4754,60
21:17:11:869,40,11.1,0.2,4814,60
21:17:12:869,40,11.1,0.1,4874,60
21:17:13:869,40,11.1,0.2,4934,60
21:17:14:869,40,11.1,0.2,4994,60
21:17:15:869,40,11.1,0.2,5054,60
21:17:16:869,40,11.1,0.2,5114,60
21:17:17:869,40,11.2,0.1,5174,60
21:17:18:869,40,11.2,0.1,5234,60
21:17:19:869,40,11.2,0.1,5294,60
21:17:20:869,40,11.2,0.1,5354,60
21:17:21:869,40,11.2,0.1,5414,60
21:17:22:869,40,11.2,0.1,5474,60
21:17:23:869,40,11.2,0.1,5534,60
21:17:24:869,40,11.2,0.1,5594,60
21:17:25:869,40,11.2,0.1,5654,60
21:17:26:869,40,11.2,0.1,5714,60
21:17:27:869,40,11.2,0.1,5774,60
21:17:28:869,40,11.2,0.1,5834,60
21:17:29:869,40,11.2,0.1,5894,60
21:17:30:869,40,11.2,0.1,5954,60
21:17:31:869,40,11.2,0.1,6014,60
21:17:32:869,40,11.2,0.1,6074,60
21:17:33:869,40,11.2,0.1,6134,60
21:17:34:869,40,11.2,0.1,6194,60
21:17:35:869,40,11.2,0.1,6254,60
21:17:36:869,40,11.2,0.1,6314,60
21:17:37:869,40,11.2,0.1,6374,60
21:17:38:869,40,11.2,0.1,6434,60
21:17:39:869,40,11.2,0.1,6494,60
21:17:40:869,40,11.2,0.1,6554,60
21:17:41:869,40,5.3,0.1,6614,60
21:17:42:869,40,5.7,0.1,6674,60
21:17:43:869,40,5.7,0.1,6734,60
21:17:44:869,40,5.7,0.1,6794,60
21:17:45:869,40,5.7,0.1,6854,60
21:17:46:869,40,5.7,0.1,6914,60
21:17:47:869,40,5.8,0.1,6974,60
21:17:48:869,40,5.8,0.1,7034,60
21:17:49:869,40,5.8,0.1,7094,60
21:17:50:869,40,6.1,0.1,7154,60
21:17:51:869,40,6.5,0.1,7214,60
21:17:52:869,40,6.5,0.1,7274,60
21:17:53:869,40,6.5,0.1,7334,60
21:17:54:869,40,6.6,0.1,7394,60
21:17:55:869,40,6.6,0.1,7454,60
21:17:56:869,40,6.6,0.1,7514,60
21:17:57:869,40,6.7,0.1,7574,60
21:17:58:869,40,6.7,0.1,7634,60
21:17:59:869,40,6.7,0.1,7694,60
21:18:0:869,40,6.7,0.1,7754,60
21:18:1:869,40,6.7,0.1,7814,60
21:18:2:869,40,6.7,0.1,7874,60
21:18:3:869,40,6.7,0.1,7934,60
21:18:4:869,40,6.7,0.1,7994,60
21:18:5:869,40,6.7,0.1,8054,60
21:18:6:869,40,6.7,0.1,8114,60
21:18:7:869,40,6.8,0.1,8174,60
21:18:8:869,40,6.8,0.1,8234,60
21:18:9:869,40,6.8,0.1,8294,60
21:18:10:869,40,6.9,0.1,8354,60
21:18:11:869,40,7.5,0.1,8414,60
21:18:12:869,40,7.7,0.1,8474,60
21:18:13:869,40,8.3,0.1,8534,60
21:18:14:869,40,8.3,0.1,8594,60
21:18:15:869,40,8.3,0.1,8654,60
21:18:16:869,40,8.3,0.1,8714,60
21:18:17:869,40,8.3,0.1,8774,60
21:18:18:869,40,8.3,0.1,8834,60
21:18:19:869,40,8.3,0.1,8894,60
21:18:20:869,40,8.3,0.1,8954,60
21:18:21:869,40,8.3,0.1,9014,60
21:18:22:869,40,8.3,0.1,9074,60
21:18:23:869,40,8.3,0.1,9134,60
21:18:24:869,40,8.3,0.1,9194,60
21:18:25:869,40,8.4,0.1,9254,60
21:18:26:869,40,8.4,0.1,9314,60
21:18:27:869,40,8.4,0.1,9374,60
21:18:28:869,40,8.4,0.1,9434,60
21:18:29:869,40,8.4,0.1,9494,60
21:18:30:869,40,8.4,0.1,9554,60
21:18:31:869,40,8.4,0.1,9614,60
21:18:32:869,40,8.4,0.1,9674,60
21:18:33:869,40,8.4,0.1,9734,60
21:18:34:869,40,8.4,0.1,9794,60
21:18:35:869,40,8.4,0.1,9854,60
21:18:36:869,40,8.4,0.1,9914,60
21:18:37:869,40,8.4,0.1,9974,60
21:18:38:869,40,8.4,0.1,10034,60
21:18:39:869,40,8.4,0.1,10094,60
21:18:40:869,40,8.4,0.1,10154,60
21:18:41:869,40,8.4,0.1,10214,60
21:18:42:869,40,8.4,0.1,10274,60
21:18:43:869,40,8.4,0.1,10334,60
21:18:44:869,40,8.4,0.1,10394,60
21:18:45:869,40,8.4,0.1,10454,60
21:18:46:869,40,8.4,0.1,10514,60
21:18:47:869,40,8.4,0.1,10574,60
21:18:48:869,40,8.4,0.1,10634,60
21:18:49:869,39,8.4,0.1,10694,60
21:18:50:869,38,8.4,0.1,10753,59
21:18:51:869,37,8.4,0.1,10810,57
21:18:52:869,36,6.0,0.1,10866,56
21:18:53:869,36,6.0,0.1,10920,54
21:18:54:869,35,6.0,0.1,10974,54
21:18:55:869,34,6.0,0.1,11027,53
21:18:56:869,33,6.0,0.1,11078,51
21:18:57:869,32,6.1,0.1,11128,50
21:18:58:869,31,6.4,0.1,11176,48
21:18:59:869,30,6.7,0.1,11223,47
21:19:0:869,29,6.8,0.1,11268,45
21:19:1:869,28,6.8,0.1,11312,44
21:19:2:869,27,6.8,0.1,11354,42
21:19:3:869,26,6.8,0.1,11395,41
21:19:4:869,26,6.8,0.1,11434,39
21:19:5:869,25,6.8,0.1,11473,39
21:19:6:869,24,6.8,0.1,11511,38
21:19:7:869,23,6.8,0.1,11547,36
21:19:8:869,22,6.9,0.1,11582,35
21:19:9:869,21,6.9,0.1,11615,33
21:19:10:869,20,6.9,0.1,11647,32
21:19:11:869,19,6.9,0.1,11677,30
21:19:12:869,18,6.9,0.1,11706,29
21:19:13:869,17,6.9,0.1,11733,27
21:19:14:869,16,6.9,0.1,11759,26
21:19:15:869,16,6.9,0.1,11783,24
21:19:16:869,15,6.9,0.1,11807,24
21:19:17:869,14,6.9,0.1,11830,23
21:19:18:869,13,6.9,0.1,11851,21
21:19:19:869,12,6.9,0.1,11871,20
21:19:20:869,11,6.9,0.1,11889,18
21:19:21:869,10,7.0,0.1,11906,17
21:19:22:869,9,7.0,0.1,11921,15
21:19:23:869,8,7.0,0.1,11935,14
21:19:24:869,7,7.0,0.1,11947,12
21:19:25:869,6,7.0,0.1,11958,11
21:19:26:869,6,7.0,0.1,11967,9
21:19:27:869,5,7.0,0.1,11976,9
21:19:28:869,4,7.0,0.1,11984,8
21:19:29:869,3,7.0,0.1,11990,6
21:19:30:869,2,7.1,0.1,11995,5
21:19:31:869,1,7.1,0.1,11998,3
21:19:32:869,0,7.1,0.1,12000,2
21:19:33:869,0,7.1,0.1,12000,0
21:19:34:869,0,7.1,0.1,12000,0
21:19:35:869,0,7.1,0.1,12000,0
21:19:36:869,0,7.1,0.1,12000,0
21:19:37:869,0,7.1,0.1,12000,0
21:19:38:869,0,7.1,0.1,12000,0
21:19:39:869,0,7.1,0.1,12000,0
21:19:40:869,0,7.1,0.1,12000,0
21:19:41:869,0,7.1,0.1,12000,0
21:19:42:869,0,7.1,0.1,12000,0
21:19:43:869,0,7.1,0.1,12000,0
21:19:44:869,0,7.1,0.1,12000,0
21:19:45:869,0,7.1,0.1,12000,0
21:19:46:869,0,7.1,0.1,12000,0
21:19:47:869,0,7.1,0.1,12000,0
21:19:48:869,0,7.1,0.1,12000,0
21:19:49:869,0,7.1,0.1,12000,0
21:19:50:869,0,7.1,0.1,12000,0
21:19:51:869,0,7.1,0.1,12000,0
21:19:52:869,0,7.1,0.1,12000,0
21:19:53:869,0,7.1,0.1,12000,0
