21:32:48:709,0,6.1,9.5,0,0
21:32:49:699,0,6.1,6.3,0,0
21:32:50:699,0,6.1,4.7,0,0
21:32:51:699,0,6.1,3.8,0,0
21:32:52:699,1,6.2,3.1,0,0
21:32:53:699,2,6.2,2.7,2,2
21:32:54:699,3,6.2,2.3,6,4
21:32:55:699,4,6.2,2.1,12,6
21:32:56:699,5,6.2,1.9,20,8
21:32:57:699,6,6.2,1.7,30,10
21:32:58:699,7,6.2,1.5,42,12
21:32:59:699,8,6.2,1.4,56,14
21:33:0:699,8,6.2,1.3,72,16
21:33:1:699,9,6.2,1.2,88,16
21:33:2:699,10,6.2,1.1,106,18
21:33:3:699,11,6.3,1.1,126,20
21:33:4:699,12,6.3,1.1,148,22
21:33:5:699,13,6.3,1.0,172,24
21:33:6:699,14,6.4,1.0,198,26
21:33:7:699,15,6.7,0.9,226,28
21:33:8:699,16,7.0,0.9,256,30
21:33:9:699,17,7.1,0.8,288,32
21:33:10:699,18,7.1,0.8,322,34
21:33:11:699,18,7.4,0.8,358,36
21:33:12:699,19,7.8,0.7,394,36
21:33:13:699,20,7.8,0.7,432,38
21:33:14:699,21,7.8,0.7,472,40
21:33:15:699,22,7.8,0.6,514,42
21:33:16:699,23,7.9,0.6,558,44
21:33:17:699,24,7.9,0.6,604,46
21:33:18:699,25,7.9,0.6,652,48
21:33:19:699,26,7.9,0.6,702,50
21:33:20:699,27,7.9,0.5,754,52
21:33:21:699,28,7.9,0.6,808,54
21:33:22:699,28,7.9,0.5,864,56
21:33:23:699,29,8.0,0.5,920,56
21:33:24:699,30,8.0,0.5,978,58
21:33:25:699,31,8.0,0.5,1038,60
21:33:26:699,32,8.0,0.6,1100,62
21:33:27:699,33,8.0,0.5,1164,64
21:33:28:699,34,8.0,0.6,1230,66
21:33:29:699,35,8.0,0.6,1298,68
21:33:30:699,36,8.0,0.6,1368,70
21:33:31:699,37,8.0,0.6,1440,72
21:33:32:699,38,8.0,0.6,1514,74
21:33:33:699,38,8.0,0.6,1590,76
21:33:34:699,39,8.0,0.6,1666,76
21:33:35:699,40,8.0,0.6,1744,78
21:33:36:699,40,8.1,0.6,1824,80
21:33:37:699,40,8.1,0.6,1904,80
21:33:38:699,40,8.1,0.6,1984,80
21:33:39:699,40,8.1,0.6,2064,80
21:33:40:699,40,8.1,0.6,2144,80
21:33:41:699,40,8.1,0.6,2224,80
21:33:42:699,40,8.1,0.6,2304,80
21:33:43:699,40,8.1,0.6,2384,80
21:33:44:699,40,8.1,0.6,2464,80
21:33:45:699,40,8.1,0.6,2544,80
21:33:46:699,40,8.1,0.6,2624,80
21:33:47:719,40,6.7,0.7,2704,80
21:33:48:699,40,5.5,0.7,2784,80
21:33:49:699,40,5.5,0.7,2864,80
21:33:50:699,40,5.5,0.7,2944,80
21:33:51:699,40,5.5,0.7,3024,80
21:33:52:699,40,5.5,0.7,3104,80
21:33:53:699,40,5.5,0.7,3184,80
21:33:54:699,40,5.5,0.7,3264,80
21:33:55:699,40,5.9,0.7,3344,80
21:33:56:699,40,6.2,0.8,3424,80
21:33:57:699,40,6.3,0.8,3504,80
21:33:58:699,40,6.3,0.8,3584,80
21:33:59:699,40,6.3,0.8,3664,80
21:34:0:699,40,6.4,0.8,3744,80
21:34:1:699,40,6.4,0.8,3824,80
21:34:2:699,40,6.4,0.8,3904,80
21:34:3:699,40,6.4,0.8,3984,80
21:34:4:699,40,6.4,0.8,4064,80
21:34:5:699,40,6.4,0.8,4144,80
21:34:6:699,40,6.4,0.8,4224,80
21:34:7:699,40,6.4,0.8,4304,80
21:34:8:699,40,6.5,0.8,4384,80
21:34:9:699,40,6.5,0.8,4464,80
21:34:10:699,40,6.5,0.8,4544,80
21:34:11:699,40,6.5,0.8,4624,80
21:34:12:699,40,6.5,0.8,4704,80
21:34:13:699,40,6.5,0.8,4784,80
21:34:14:699,40,6.5,0.7,4864,80
21:34:15:699,40,7.0,0.8,4944,80
21:34:16:699,40,7.3,0.8,5024,80
21:34:17:699,40,8.0,0.8,5104,80
21:34:18:699,40,8.0,0.8,5184,80
21:34:19:699,40,8.0,0.8,5264,80
21:34:20:699,40,8.0,0.8,5344,80
21:34:21:699,40,8.0,0.8,5424,80
21:34:22:699,40,8.0,0.8,5504,80
21:34:23:699,40,8.0,0.8,5584,80
21:34:24:699,40,8.0,0.8,5664,80
21:34:25:699,40,8.0,0.8,5744,80
21:34:26:699,40,8.1,0.8,5824,80
21:34:27:699,40,8.1,0.8,5904,80
21:34:28:699,40,8.1,0.8,5984,80
21:34:29:699,40,8.1,0.8,6064,80
21:34:30:699,40,8.1,0.8,6144,80
21:34:31:699,40,8.1,0.8,6224,80
21:34:32:699,40,8.1,0.8,6304,80
21:34:33:699,40,8.1,0.8,6384,80
21:34:34:699,40,8.1,0.8,6464,80
21:34:35:699,40,8.1,0.8,6544,80
21:34:36:699,40,8.1,0.8,6624,80
21:34:37:699,40,8.2,0.8,6704,80
21:34:38:699,40,8.2,0.8,6784,80
21:34:39:699,40,8.2,0.8,6864,80
21:34:40:699,40,8.2,0.8,6944,80
21:34:41:699,40,8.2,0.8,7024,80
21:34:42:699,40,8.2,0.8,7104,80
21:34:43:699,40,8.2,0.8,7184,80
21:34:44:699,40,8.2,0.8,7264,80
21:34:45:699,40,8.2,0.8,7344,80
21:34:46:699,40,8.2,0.8,7424,80
21:34:47:699,40,8.2,0.8,7504,80
21:34:48:699,40,8.2,0.8,7584,80
21:34:49:699,40,8.2,0.8,7664,80
21:34:50:699,40,8.2,0.8,7744,80
21:34:51:699,40,8.2,0.8,7824,80
21:34:52:699,40,8.2,0.8,7904,80
21:34:53:699,40,8.2,0.8,7984,80
21:34:54:699,40,8.2,0.8,8064,80
21:34:55:699,40,8.2,0.8,8144,80
21:34:56:699,40,8.2,0.8,8224,80
21:34:57:699,40,8.2,0.8,8304,80
21:34:58:699,40,8.2,0.8,8384,80
21:34:59:699,40,8.2,0.8,8464,80
21:35:0:699,40,8.2,0.8,8544,80
21:35:1:699,40,8.2,0.8,8624,80
21:35:2:699,40,8.2,0.8,8704,80
21:35:3:699,40,8.2,0.8,8784,80
21:35:4:699,40,8.2,0.8,8864,80
21:35:5:699,40,8.3,0.8,8944,80
21:35:6:699,40,8.3,0.8,9024,80
21:35:7:699,40,8.3,0.8,9104,80
21:35:8:699,40,8.7,0.8,9184,80
21:35:9:699,40,9.6,0.8,9264,80
21:35:10:699,40,9.8,0.8,9344,80
21:35:11:699,40,9.8,0.8,9424,80
21:35:12:699,40,10.6,0.8,9504,80
21:35:13:699,40,11.3,0.8,9584,80
21:35:14:699,40,11.3,0.8,9664,80
21:35:15:699,40,11.3,0.8,9744,80
21:35:16:699,40,11.3,0.8,9824,80
21:35:17:699,40,11.3,0.8,9904,80
21:35:18:699,40,11.3,0.8,9984,80
21:35:19:699,40,11.3,0.9,10064,80
21:35:20:699,40,11.3,0.9,10144,80
21:35:21:699,40,11.3,0.8,10224,80
21:35:22:699,40,11.3,0.9,10304,80
21:35:23:699,40,11.3,0.8,10384,80
21:35:24:699,40,11.4,0.8,10464,80
21:35:25:699,40,11.4,0.8,10544,80
21:35:26:699,40,11.4,0.9,10624,80
21:35:27:699,40,11.4,0.9,10704,80
21:35:28:699,40,11.4,0.9,10784,80
21:35:29:699,40,11.4,0.9,10864,80
21:35:30:699,40,11.4,0.9,10944,80
21:35:31:699,40,11.4,0.9,11024,80
21:35:32:699,40,11.4,0.8,11104,80
21:35:33:699,40,11.4,0.9,11184,80
21:35:34:699,40,11.4,0.9,11264,80
21:35:35:699,40,11.4,0.9,11344,80
21:35:36:699,40,11.4,0.9,11424,80
21:35:37:699,40,11.4,0.9,11504,80
21:35:38:699,40,11.4,0.9,11584,80
21:35:39:699,40,11.4,0.9,11664,80
21:35:40:699,40,11.4,0.9,11744,80
21:35:41:699,40,11.5,0.9,11824,80
21:35:42:699,40,11.5,0.9,11904,80
21:35:43:699,40,11.5,0.9,11984,80
21:35:44:699,40,11.5,0.9,12064,80
21:35:45:699,40,11.5,0.9,12144,80
21:35:46:699,40,11.5,0.9,12224,80
21:35:47:699,40,11.5,0.9,12304,80
21:35:48:699,40,11.5,0.9,12384,80
21:35:49:699,40,11.5,0.9,12464,80
21:35:50:699,40,11.5,0.9,12544,80
21:35:51:699,40,11.5,0.9,12624,80
21:35:52:699,40,11.5,0.9,12704,80
21:35:53:699,40,11.5,0.9,12784,80
21:35:54:699,40,11.5,0.9,12864,80
21:35:55:699,40,11.5,0.9,12944,80
21:35:56:699,40,11.5,0.9,13024,80
21:35:57:699,40,11.5,0.9,13104,80
21:35:58:699,40,11.5,0.9,13184,80
21:35:59:699,40,11.5,0.9,13264,80
21:36:0:699,40,11.5,0.9,13344,80
21:36:1:699,40,11.5,0.9,13424,80
21:36:2:699,40,11.5,0.9,13504,80
21:36:3:699,40,11.5,0.9,13584,80
21:36:4:699,40,11.5,0.9,13664,80
21:36:5:699,40,11.5,0.9,13744,80
21:36:6:699,40,11.5,0.9,13824,80
21:36:7:699,40,11.5,0.9,13904,80
21:36:8:699,40,11.5,0.9,13984,80
21:36:9:699,40,11.5,0.9,14064,80
21:36:10:699,40,11.5,0.9,14144,80
21:36:11:699,40,11.5,0.9,14224,80
21:36:12:699,39,11.5,0.9,14304,80
21:36:13:699,38,11.5,0.9,14382,78
21:36:14:699,37,11.5,0.9,14458,76
21:36:15:699,36,11.5,0.9,14532,74
21:36:16:699,35,11.5,0.9,14604,72
21:36:17:699,34,11.5,0.9,14674,70
21:36:18:699,33,11.5,0.9,14742,68
21:36:19:699,32,11.5,0.9,14808,66
21:36:20:699,32,11.5,0.9,14872,64
21:36:21:699,31,11.5,0.9,14936,64
21:36:22:699,30,11.5,0.9,14998,62
21:36:23:699,29,11.5,0.9,15058,60
21:36:24:699,28,11.5,0.9,15116,58
21:36:25:699,27,11.5,0.9,15172,56
21:36:26:699,26,11.6,0.9,15226,54
21:36:27:699,25,11.6,0.9,15278,52
21:36:28:699,24,11.6,0.9,15328,50
21:36:29:699,23,11.6,0.9,15376,48
21:36:30:699,22,11.6,0.9,15422,46
21:36:31:699,22,11.6,0.9,15466,44
21:36:32:699,21,11.6,0.9,15510,44
21:36:33:699,20,11.6,0.9,15552,42
21:36:34:699,19,11.6,0.9,15592,40
21:36:35:699,18,11.6,0.9,15630,38
21:36:36:699,17,11.6,0.9,15666,36
21:36:37:699,16,11.7,0.9,15700,34
21:36:38:699,15,11.7,0.9,15732,32
21:36:39:699,14,11.7,0.9,15762,30
21:36:40:699,13,11.7,0.9,15790,28
21:36:41:699,12,11.7,0.9,15816,26
21:36:42:699,12,11.7,0.9,15840,24
21:36:43:699,11,11.7,0.9,15864,24
21:36:44:699,10,11.7,0.9,15886,22
21:36:45:699,9,11.7,0.9,15906,20
21:36:46:699,8,11.7,0.9,15924,18
21:36:47:699,7,11.7,0.8,15940,16
21:36:48:699,6,11.7,0.8,15954,14
21:36:49:699,5,11.7,0.8,15966,12
21:36:50:699,4,11.7,0.8,15976,10
21:36:51:699,3,11.7,0.8,15984,8
21:36:52:699,2,11.7,0.8,15990,6
21:36:53:699,2,11.7,0.8,15994,4
21:36:54:699,1,11.7,0.8,15998,4
21:36:55:699,0,11.7,0.8,16000,2
21:36:56:699,0,11.7,0.8,16000,0
21:36:57:699,0,11.7,0.8,16000,0
21:36:58:699,0,11.7,0.8,16000,0
21:36:59:699,0,11.7,0.8,16000,0
21:37:0:699,0,11.7,0.8,16000,0
21:37:1:699,0,11.7,0.8,16000,0
21:37:2:699,0,11.7,0.8,16000,0
21:37:3:699,0,11.7,0.8,16000,0
21:37:4:699,0,11.7,0.8,16000,0
21:37:5:699,0,11.7,0.8,16000,0
21:37:6:699,0,11.7,0.8,16000,0
21:37:7:699,0,11.7,0.8,16000,0
21:37:8:699,0,11.7,0.8,16000,0
21:37:9:699,0,11.7,0.8,16000,0
