21:39:19:839,0,6.1,9.0,0,0
21:39:20:819,0,6.2,6.0,0,0
21:39:21:819,0,6.2,4.5,0,0
21:39:22:819,0,6.2,3.6,0,0
21:39:23:829,0,6.2,3.0,0,0
21:39:24:819,1,6.2,2.5,1,1
21:39:25:819,2,6.2,2.2,5,4
21:39:26:819,3,6.2,2.1,12,7
21:39:27:819,4,6.2,1.9,22,10
21:39:28:819,5,6.2,1.7,34,12
21:39:29:819,6,6.2,1.6,49,15
21:39:30:819,7,6.2,1.5,67,18
21:39:31:819,8,6.2,1.4,88,21
21:39:32:819,9,6.2,1.4,112,24
21:39:33:819,9,6.3,1.3,139,27
21:39:34:819,10,6.3,1.2,167,28
21:39:35:819,11,6.3,1.2,198,31
21:39:36:819,12,6.4,1.2,232,34
21:39:37:819,13,6.8,1.2,269,37
21:39:38:819,14,4.9,1.1,309,40
21:39:39:819,15,5.0,1.2,351,42
21:39:40:819,16,5.4,1.2,396,45
21:39:41:819,17,5.4,1.1,444,48
21:39:42:819,18,5.4,1.1,495,51
21:39:43:819,19,5.8,1.0,549,54
21:39:44:819,19,6.0,1.0,606,57
21:39:45:819,20,6.2,1.0,664,58
21:39:46:819,21,6.2,1.0,725,61
21:39:47:819,22,6.2,0.9,789,64
21:39:48:819,23,6.2,0.9,856,67
21:39:49:819,24,6.2,0.9,926,70
21:39:50:819,25,6.2,0.8,998,72
21:39:51:819,26,6.2,0.8,1073,75
21:39:52:819,27,6.3,0.8,1151,78
21:39:53:819,28,6.3,0.8,1232,81
21:39:54:819,29,6.3,0.8,1316,84
21:39:55:819,29,6.3,0.8,1403,87
21:39:56:819,30,6.3,0.8,1491,88
21:39:57:819,31,6.3,0.8,1582,91
21:39:58:819,32,6.3,0.7,1676,94
21:39:59:819,33,6.3,0.7,1773,97
21:40:0:819,34,6.4,0.7,1873,100
21:40:1:819,35,6.4,0.7,1975,102
21:40:2:819,36,6.4,0.7,2080,105
21:40:3:819,37,6.4,0.7,2188,108
21:40:4:819,38,7.2,0.7,2299,111
21:40:5:819,39,8.0,0.7,2413,114
21:40:6:819,39,8.0,0.6,2530,117
21:40:7:819,40,8.0,0.6,2648,118
21:40:8:819,40,8.0,0.6,2768,120
21:40:9:819,40,8.0,0.6,2888,120
21:40:10:819,40,8.0,0.6,3008,120
21:40:11:819,40,8.0,0.6,3128,120
21:40:12:819,40,8.0,0.6,3248,120
21:40:13:819,40,8.0,0.6,3368,120
21:40:14:819,40,8.0,0.6,3488,120
21:40:15:819,40,8.0,0.6,3608,120
21:40:16:819,40,8.0,0.5,3728,120
21:40:17:819,40,8.0,0.5,3848,120
21:40:18:819,40,8.0,0.5,3968,120
21:40:19:819,40,8.0,0.5,4088,120
21:40:20:819,40,8.0,0.5,4208,120
21:40:21:819,40,8.0,0.5,4328,120
21:40:22:819,40,8.0,0.5,4448,120
21:40:23:819,40,8.0,0.5,4568,120
21:40:24:819,40,8.0,0.5,4688,120
21:40:25:819,40,8.0,0.5,4808,120
21:40:26:819,40,8.0,0.5,4928,120
21:40:27:819,40,8.0,0.5,5048,120
21:40:28:819,40,8.0,0.5,5168,120
21:40:29:819,40,8.0,0.5,5288,120
21:40:30:819,40,8.0,0.5,5408,120
21:40:31:819,40,8.0,0.5,5528,120
21:40:32:819,40,8.0,0.5,5648,120
21:40:33:819,40,8.0,0.5,5768,120
21:40:34:819,40,8.0,0.5,5888,120
21:40:35:819,40,8.0,0.5,6008,120
21:40:36:819,40,8.0,0.5,6128,120
21:40:37:819,40,8.0,0.5,6248,120
21:40:38:819,40,8.0,0.4,6368,120
21:40:39:819,40,8.1,0.4,6488,120
21:40:40:819,40,8.1,0.4,6608,120
21:40:41:819,40,8.1,0.4,6728,120
21:40:42:819,40,8.1,0.4,6848,120
21:40:43:819,40,8.1,0.4,6968,120
21:40:44:819,40,8.1,0.5,7088,120
21:40:45:819,40,8.1,0.5,7208,120
21:40:46:819,40,9.1,0.4,7328,120
21:40:47:819,40,9.6,0.4,7448,120
21:40:48:819,40,9.9,0.5,7568,120
21:40:49:819,40,11.0,0.5,7688,120
21:40:50:819,40,11.1,0.4,7808,120
21:40:51:819,40,11.1,0.5,7928,120
21:40:52:819,40,11.1,0.4,8048,120
21:40:53:819,40,11.1,0.4,8168,120
21:40:54:819,40,11.1,0.4,8288,120
21:40:55:819,40,11.2,0.5,8408,120
21:40:56:819,40,11.2,0.4,8528,120
21:40:57:819,40,11.2,0.4,8648,120
21:40:58:819,40,11.2,0.4,8768,120
21:40:59:819,40,11.2,0.4,8888,120
21:41:0:819,40,11.2,0.4,9008,120
21:41:1:819,40,11.2,0.4,9128,120
21:41:2:819,40,11.2,0.4,9248,120
21:41:3:819,40,11.2,0.4,9368,120
21:41:4:819,40,11.2,0.4,9488,120
21:41:5:819,40,11.2,0.4,9608,120
21:41:6:819,40,11.2,0.4,9728,120
21:41:7:819,40,11.2,0.4,9848,120
21:41:8:819,40,11.2,0.4,9968,120
21:41:9:819,40,11.2,0.4,10088,120
21:41:10:819,40,11.2,0.4,10208,120
21:41:11:819,40,11.2,0.4,10328,120
21:41:12:819,40,11.2,0.4,10448,120
21:41:13:819,40,11.2,0.4,10568,120
21:41:14:819,40,11.2,0.4,10688,120
21:41:15:819,40,11.2,0.4,10808,120
21:41:16:819,40,11.2,0.4,10928,120
21:41:17:819,40,11.2,0.4,11048,120
21:41:18:819,40,11.2,0.4,11168,120
21:41:19:819,40,11.2,0.4,11288,120
21:41:20:819,40,11.2,0.4,11408,120
21:41:21:819,40,11.2,0.4,11528,120
21:41:22:819,40,11.2,0.4,11648,120
21:41:23:819,40,11.2,0.4,11768,120
21:41:24:819,40,11.3,0.4,11888,120
21:41:25:819,40,11.3,0.3,12008,120
21:41:26:819,40,11.3,0.3,12128,120
21:41:27:819,40,11.3,0.3,12248,120
21:41:28:819,40,11.3,0.3,12368,120
21:41:29:819,40,11.3,0.3,12488,120
21:41:30:819,40,11.3,0.3,12608,120
21:41:31:819,40,11.3,0.3,12728,120
21:41:32:819,40,11.3,0.3,12848,120
21:41:33:819,40,11.3,0.3,12968,120
21:41:34:819,40,11.3,0.3,13088,120
21:41:35:819,40,11.3,0.3,13208,120
21:41:36:819,40,11.3,0.3,13328,120
21:41:37:819,40,11.3,0.3,13448,120
21:41:38:819,40,11.3,0.3,13568,120
21:41:39:819,40,11.3,0.3,13688,120
21:41:40:819,40,11.3,0.3,13808,120
21:41:41:819,40,11.3,0.3,13928,120
21:41:42:819,40,11.3,0.3,14048,120
21:41:43:819,40,11.3,0.3,14168,120
21:41:44:819,40,11.3,0.3,14288,120
21:41:45:819,40,11.3,0.3,14408,120
21:41:46:819,40,11.3,0.3,14528,120
21:41:47:819,40,11.3,0.3,14648,120
21:41:48:819,40,11.3,0.3,14768,120
21:41:49:819,40,11.3,0.3,14888,120
21:41:50:819,40,11.3,0.3,15008,120
21:41:51:819,40,11.3,0.3,15128,120
21:41:52:819,40,11.3,0.3,15248,120
21:41:53:819,40,11.3,0.3,15368,120
21:41:54:819,40,11.3,0.3,15488,120
21:41:55:819,40,11.3,0.3,15608,120
21:41:56:819,40,11.3,0.3,15728,120
21:41:57:819,40,11.3,0.3,15848,120
21:41:58:819,40,11.4,0.3,15968,120
21:41:59:819,40,11.4,0.3,16088,120
21:42:0:819,40,11.4,0.3,16208,120
21:42:1:819,40,11.4,0.3,16328,120
21:42:2:819,40,11.4,0.3,16448,120
21:42:3:819,40,11.4,0.3,16568,120
21:42:4:819,40,11.4,0.3,16688,120
21:42:5:819,40,11.4,0.3,16808,120
21:42:6:819,40,11.4,0.3,16928,120
21:42:7:819,40,11.4,0.3,17048,120
21:42:8:819,40,11.4,0.3,17168,120
21:42:9:819,40,11.4,0.3,17288,120
21:42:10:819,40,11.4,0.3,17408,120
21:42:11:819,40,11.4,0.3,17528,120
21:42:12:819,40,11.4,0.3,17648,120
21:42:13:819,40,11.4,0.3,17768,120
21:42:14:819,40,11.4,0.3,17888,120
21:42:15:819,40,11.4,0.3,18008,120
21:42:16:819,40,11.5,0.3,18128,120
21:42:17:819,40,11.5,0.3,18248,120
21:42:18:819,40,11.5,0.3,18368,120
21:42:19:819,40,11.5,0.3,18488,120
21:42:20:819,40,11.5,0.3,18608,120
21:42:21:819,40,11.5,0.3,18728,120
21:42:22:819,40,11.5,0.3,18848,120
21:42:23:819,40,11.5,0.3,18968,120
21:42:24:819,40,11.5,0.2,19088,120
21:42:25:819,40,11.5,0.2,19208,120
21:42:26:819,40,11.5,0.2,19328,120
21:42:27:819,40,11.5,0.3,19448,120
21:42:28:819,40,11.5,0.3,19568,120
21:42:29:819,40,11.6,0.3,19688,120
21:42:30:819,40,12.7,0.3,19808,120
21:42:31:819,40,13.8,0.2,19928,120
21:42:32:819,40,14.5,0.2,20048,120
21:42:33:819,40,14.5,0.2,20168,120
21:42:34:819,40,14.5,0.2,20288,120
21:42:35:819,40,15.4,0.2,20408,120
21:42:36:819,40,16.5,0.2,20528,120
21:42:37:819,40,17.5,0.2,20648,120
21:42:38:819,40,17.5,0.2,20768,120
21:42:39:819,40,17.5,0.2,20888,120
21:42:40:819,40,17.5,0.2,21008,120
21:42:41:819,40,17.5,0.2,21128,120
21:42:42:819,40,17.5,0.2,21248,120
21:42:43:819,40,17.5,0.2,21368,120
21:42:44:819,39,17.5,0.2,21487,119
21:42:45:819,38,17.5,0.2,21603,116
21:42:46:819,37,17.5,0.2,21716,113
21:42:47:819,36,17.6,0.2,21826,110
21:42:48:819,35,17.6,0.2,21934,108
21:42:49:819,34,17.6,0.2,22039,105
21:42:50:819,33,17.6,0.2,22141,102
21:42:51:819,32,17.6,0.2,22240,99
21:42:52:819,31,17.6,0.2,22336,96
21:42:53:819,31,17.6,0.2,22429,93
21:42:54:819,30,17.6,0.2,22521,92
21:42:55:819,29,17.6,0.2,22610,89
21:42:56:819,28,17.6,0.2,22696,86
21:42:57:819,27,17.6,0.2,22779,83
21:42:58:819,26,17.6,0.2,22859,80
21:42:59:819,25,17.6,0.2,22937,78
21:43:0:819,24,17.7,0.2,23012,75
21:43:1:819,23,17.7,0.2,23084,72
21:43:2:819,22,17.7,0.2,23153,69
21:43:3:819,21,17.7,0.2,23219,66
21:43:4:819,21,17.7,0.2,23282,63
21:43:5:819,20,17.7,0.2,23344,62
21:43:6:819,19,17.7,0.2,23403,59
21:43:7:819,18,17.7,0.2,23459,56
21:43:8:819,17,17.7,0.2,23512,53
21:43:9:819,16,17.7,0.2,23562,50
21:43:10:819,15,17.7,0.2,23610,48
21:43:11:819,14,17.7,0.2,23655,45
21:43:12:819,13,17.7,0.2,23697,42
21:43:13:819,12,17.7,0.2,23736,39
21:43:14:819,11,17.7,0.2,23772,36
21:43:15:819,11,17.7,0.2,23805,33
21:43:16:819,10,17.7,0.2,23837,32
21:43:17:819,9,17.7,0.2,23866,29
21:43:18:819,8,17.7,0.2,23892,26
21:43:19:819,7,17.7,0.2,23915,23
21:43:20:819,6,17.7,0.2,23935,20
21:43:21:819,5,17.7,0.2,23953,18
21:43:22:819,4,17.7,0.2,23968,15
21:43:23:819,3,17.7,0.2,23980,12
21:43:24:819,2,17.7,0.2,23989,9
21:43:25:819,1,17.7,0.2,23995,6
21:43:26:819,1,17.7,0.2,23998,3
21:43:27:819,0,17.7,0.2,24000,2
21:43:28:819,0,17.7,0.2,24000,0
21:43:29:819,0,17.8,0.2,24000,0
21:43:30:819,0,17.8,0.2,24000,0
21:43:31:819,0,17.8,0.2,24000,0
21:43:32:819,0,17.8,0.2,24000,0
21:43:33:819,0,17.8,0.2,24000,0
21:43:34:819,0,17.8,0.2,24000,0
21:43:35:819,0,17.8,0.2,24000,0
21:43:36:819,0,17.8,0.2,24000,0
21:43:37:819,0,17.8,0.2,24000,0
21:43:38:819,0,17.8,0.2,24000,0
21:43:39:819,0,17.8,0.2,24000,0
21:43:40:819,0,17.8,0.2,24000,0
21:43:41:819,0,17.8,0.2,24000,0
21:43:42:819,0,17.8,0.2,24000,0
21:43:43:819,0,17.8,0.2,24000,0
21:43:44:819,0,17.8,0.2,24000,0
21:43:45:829,0,17.8,0.2,24000,0
21:43:46:819,0,17.8,0.2,24000,0
21:43:47:819,0,17.8,0.2,24000,0
21:43:48:819,0,17.8,0.2,24000,0
21:43:49:819,0,17.8,0.2,24000,0
21:43:50:819,0,17.8,0.2,24000,0
21:43:51:819,0,17.8,0.2,24000,0
21:43:52:819,0,17.8,0.2,24000,0
21:43:53:829,0,17.8,0.2,24000,0
21:43:54:819,0,17.8,0.2,24000,0
21:43:55:819,0,17.8,0.2,24000,0
21:43:56:829,0,17.8,0.2,24000,0
21:43:57:819,0,17.8,0.2,24000,0
21:43:58:819,0,17.8,0.2,24000,0
21:43:59:819,0,17.8,0.2,24000,0
21:44:0:819,0,17.8,0.2,24000,0
21:44:1:819,0,17.8,0.2,24000,0
21:44:2:819,0,17.8,0.2,24000,0
21:44:3:819,0,17.8,0.2,24000,0
21:44:4:819,0,17.8,0.2,24000,0
21:44:5:819,0,17.8,0.2,24000,0
21:44:6:819,0,17.8,0.2,24000,0
21:44:7:819,0,17.8,0.2,24000,0
21:44:8:819,0,17.8,0.2,24000,0
21:44:9:829,0,17.9,0.2,24000,0
21:44:10:819,0,17.9,0.2,24000,0
21:44:11:819,0,17.9,0.2,24000,0
21:44:12:819,0,17.9,0.2,24000,0
21:44:13:819,0,17.9,0.2,24000,0
21:44:14:819,0,17.9,0.2,24000,0
21:44:15:819,0,17.9,0.2,24000,0
21:44:16:819,0,17.9,0.2,24000,0
21:44:17:819,0,17.9,0.2,24000,0
21:44:18:819,0,17.9,0.2,24000,0
21:44:19:819,0,17.9,0.2,24000,0
21:44:20:819,0,17.9,0.2,24000,0
21:44:21:819,0,17.9,0.2,24000,0
21:44:22:819,0,17.9,0.2,24000,0
21:44:23:819,0,17.9,0.1,24000,0
21:44:24:819,0,17.9,0.1,24000,0
21:44:25:819,0,17.9,0.1,24000,0
21:44:26:819,0,17.9,0.1,24000,0
21:44:27:819,0,17.9,0.1,24000,0
21:44:28:819,0,17.9,0.1,24000,0
21:44:29:819,0,17.9,0.1,24000,0
21:44:30:819,0,17.9,0.1,24000,0
21:44:31:819,0,17.9,0.1,24000,0
21:44:32:819,0,17.9,0.1,24000,0
21:44:33:819,0,17.9,0.1,24000,0
21:44:34:819,0,17.9,0.1,24000,0
21:44:35:819,0,17.9,0.1,24000,0
21:44:36:819,0,17.9,0.1,24000,0
21:44:37:819,0,17.9,0.1,24000,0
21:44:38:819,0,17.9,0.1,24000,0
21:44:39:819,0,17.9,0.1,24000,0
21:44:40:819,0,17.9,0.1,24000,0
21:44:41:819,0,17.9,0.1,24000,0
21:44:42:819,0,17.9,0.1,24000,0
21:44:43:819,0,17.9,0.1,24000,0
21:44:44:819,0,17.9,0.1,24000,0
21:44:45:829,0,17.9,0.1,24000,0
21:44:46:819,0,17.9,0.1,24000,0
21:44:47:829,0,17.9,0.1,24000,0
21:44:48:819,0,17.9,0.1,24000,0
21:44:49:819,0,17.9,0.1,24000,0
21:44:50:819,0,17.9,0.1,24000,0
21:44:51:819,0,17.9,0.1,24000,0
21:44:52:819,0,17.9,0.1,24000,0
21:44:53:819,0,17.9,0.1,24000,0
21:44:54:819,0,17.9,0.1,24000,0
21:44:55:819,0,17.9,0.1,24000,0
21:44:56:819,0,17.9,0.1,24000,0
21:44:57:819,0,17.9,0.1,24000,0
21:44:58:819,0,17.9,0.1,24000,0
21:44:59:829,0,5.4,0.2,24000,0
21:45:0:819,0,5.4,0.2,24000,0
21:45:1:819,0,5.4,0.2,24000,0
21:45:2:819,0,5.4,0.2,24000,0
21:45:3:819,0,5.4,0.1,24000,0
21:45:4:819,0,5.4,0.1,24000,0
21:45:5:819,0,5.4,0.1,24000,0
21:45:6:819,0,5.5,0.1,24000,0
21:45:7:819,0,5.5,0.1,24000,0
21:45:8:819,0,5.5,0.1,24000,0
21:45:9:819,0,5.5,0.1,24000,0
21:45:10:819,0,5.5,0.1,24000,0
